# id	left	top	right	bottom	texture_id
[SPRITES]
#button
810001	312	979	327	995	56
810002	330	979	345	995	56
810003	348	979	363	995	56
#breakable:
810011	312	998	327	1013	56
810012	330	998	345	1013	56
810013	348	998	363	1013	56
810014	366	998	381	1013	56
#mysteric:
811021	384	998	399	1013	56
811022	402	998	417	1013	56
811023	420	998	435	1013	56
811024	438	998	453	1013	56
811025	500	534	515	549	56

# ani_id	sprite1_id	time1	sprite2_id	time2	...
[ANIMATIONS]
90	810001	100	810002	100	810003	100
91	810011	100	810012	100	810013	100	810014	100
92	810011	100
93	811021	100	811022	100	811023	100	811024	100
94	811025	100

#93	810011	100	810012	100	810013	100	810014	100
#94	810011	100