# id	left	top	right	bottom	texture_id
[SPRITES]
#####  BIG ###############
#IDLE
161001	242	632	264	662	0
161002	151	632	175	662	0

#WALKING RIGHT
161003	271	632	294	662	0
161004	301	632	324	662	0

#WALKING LEFT
161005	154	632	174	662	0
161006	120	632	144	662	0

#RUNNING RIGHT
161007	330	632	355	662	0
161008	361	632	385	662	0
161009	392	632	414	662	0

#RUNNING LEFT
161010	91	632	114	662	0
161011	60	632	84	662	0
161012	30	632	53	662	0

#JUMP WALK RIGHT & LEFT
#right
161013	391	677	414	697	0
#left
161014	30	677	53	697	0

#JUMP RUN RIGHT & LEFT
161015	361	673	385	701	0
161016	62	673	86	701	0

#SIT RIGHT & LEFT 
161017	391	717	414	737	0
161018	30	717	54	737	0

#BRACE RIGHT & LEFT 
161019	425	154	442	181	0
161020	5	154	22	181	0

#FOX SPIN
161021	332	633	354	661	0
161022	215	633	230	661	0
161023	91	633	114	661	0
161024	215	673	230	701	0
#fly right:
161025	361	712	384	742	0
161026	331	712	354	742	0
161027	361	753	384	781	0
#fly left:
161028	61	712	84	742	0
161029	91	712	115	742	0
161030	61	753	84	781	0

# ani_id	sprite1_id	time1	sprite2_id	time2	...
[ANIMATIONS]
####################BIGGGGGG###################
1700	161001	100
1701	161002	100

#WALKING RIGHT & LEFT 
1702	161001	100	161003	100	161004	100
1703	161002	100	161005	100	161006	100

#RUNNING RIGHT & LEFT
1704	161007	50	161008	50	161009	50
1705	161010	50	161011	50	161012	50

#JUMP WALK
1706	161013	100
1707	161014	100

#JUMP RUN
1708	161015	100
1709	161016	100

#SIT RIGHT & LEFT 
1710	161017	100
1711	161018	100

#BRACE RIGHT & LEFT 
1712	161019	100
1713	161020	100

#SPIN
1714	161021	100	161022	100	161023	100	161024	100
#fly right:
1715	161025	100	161026	100	161027	100
#fly left:
1716	161028	100	161029	100	161030	100
#glide right:
1717	161025	100	161026	100
#glide left:
1718	161028	100	161029	100