# list of object assets to load in this scene
[ASSETS]
mario.txt
coin.txt
cloud.txt
brick.txt
Square.txt
Plant.txt
Pipe.txt
mushroom.txt
#
[OBJECTS]
# type	x	y	extra_settings per object type
# type: 0 = Mario , 1 = Brick, 2 = Goomba, 3 = Koopas
# See OBJECT_TYPE constants in AssetIDs.h

5	7	240	16	15	1	54004	54005	54006

12	190	230	16	16	48	48	200109	200107	200106	200108	200105	200101	200102	200103	200104
12	240	198	16	16	64	80	200109	200107	200106	200108	200105	200101	200102	200103	200104
# MARIO
0	10	200
#plant
9	300	100	18	36	40	160
#pipe	
8	300	100	34	51	301000
#COIN_BOUNCE
10	220	90
#Brick
1	220	90
#MUSHROOM
11	240	90	16	16	302001
#COIN
4	300	20
4	300	190

#COIN
4	100	120
4	120	120
4	140	120
4	160	120
4	180	120


4	100	100
4	120	100
4	140	100
4	160	100
4	180	100

4	100	80
4	120	80
4	140	80
4	160	80
4	180	80




#Platform
#5 	100	180	16	15	32	51000	52000	53000
#5	140	140	16	15	26	51000	52000	53000


5	7	293	16	15	32	54004	54005	54006
5	7	278	16	15	32	54001	54002	54003



#Portal 
#50	200	160	216	180	1
