# list of object assets to load in this scene
[ASSETS]
mario.txt
brick.txt
coin.txt
goomba.txt
cloud.txt
MarioFox.txt
backgroundobj.txt
pipe.txt
#
[OBJECTS]
# type	x	y	extra_settings per object type
# type: 0 = Mario , 1 = Brick, 2 = Goomba, 3 = Koopas
# See OBJECT_TYPE constants in AssetIDs.h

15	250	250	199010

# MARIO
0	150	10

# BRICKS
5	8	0	16	16	8	54007	54007	54007
5	8	16	16	15	8	54007	54007	54007
5	8	32	16	15	8	54007	54007	54007
5	8	48	16	15	8	54007	54007	54007
5	8	64	16	15	8	54007	54007	54007
5	8	80	16	15	8	54007	54007	54007
5	8	96	16	15	8	54007	54007	54007
5	8	112	16	15	8	54007	54007	54007
5	8	128	16	15	8	54007	54007	54007
5	8	144	16	15	8	54007	54007	54007
5	8	160	16	15	8	54007	54007	54007
5	8	176	16	15	50	54007	54007	54007
5	8	192	16	15	50	54007	54007	54007

5	264	160	16	15	30	54007	54007	54007
5	280	144	16	15	30	54007	54007	54007
5	296	128	16	15	30	54007	54007	54007
5	312	112	16	15	30	54007	54007	54007
5	328	96	16	15	30	54007	54007	54007
5	344	80	16	15	30	54007	54007	54007

5	392	0	16	16	20	54007	54007	54007
5	392	16	16	15	20	54007	54007	54007
5	392	32	16	15	20	54007	54007	54007
5	392	48	16	15	20	54007	54007	54007
5	392	64	16	15	20	54007	54007	54007

5	170	0	16	16	12	54007	54007	54007
#pipe
8	145	17	34	34	301003
8	371	17	34	34	301003
#COIN
4	100	120
4	120	120
4	140	120
4	160	120
4	180	120

#Goomba
#2	300	10

#Platform
5	90	136	16	15	16	51000	52000	53000
5	120	90	16	16	8	20001	20001	20001

#Portal 
50	370	17	390	58	5
