# id	left	top	right	bottom	texture_id
[SPRITES]
200001	300	117	315	131	20
200002	318	117	333	131	20
200003	336	117	346	131	20
200004	354	117	359	131	20
200005	370	117	386	131	20

#top left
200101	240	368	256	384	40
#top right
200102	272	368	288	384	40
#bto left
200103	240	400	256	416	40
#bot right
200104	272	400	288	416	40

#content
200105	260	380	276	396	40

#edge top
200106	260	368	276	384	40
#edge right
200107	272	380	288	396	40
#edge bot
200108	260	400	276	416	40
#edge left
200109	240	380	256	396	40

# ani_id	sprite1_id	time1	sprite2_id	time2	...
[ANIMATIONS]
100000	200001	1000	200002	1000	200003	1000	200004	1000	200005	100
100001	200005	100