# id	left	top	right	bottom	texture_id
[SPRITES]
#################TURTLE REDDDD##################
#Walk left
151001	2	129	25	156	10
151002	26	129	45	156	10
#walk right
151003	2	65	19	92	52
151004	20	65	37	92	52
#sleep
151005	49	137	66	155	10
151006	70	136	89	155	10
#spin
151007	38	76	55	93	53
151008	56	76	73	93	53
151009	74	76	91	93	53
151010	92	76	108	93	53
#################END TURTLE REDDDD##################
#################TURTLE GREEN##################
#Walk left
151011	704	777	721	805	57
151012	722	777	739	805	57
#walk right
151013	130	777	147	804	56
151014	148	777	165	804	56
#sleep
151015	166	789	183	804	56
#151016	70	136	89	155	10 none
#spin
151017	166	789	183	804	56
151018	184	789	201	804	56
151019	202	789	219	804	56
151020	220	789	237	804	56
#fly
#fly right
151021	198	806	215	833	56
151022	215	806	232	833	56
#fly left
151023	636	806	653	833	57
151024	654	806	671	833	57
#################END TURTLE GREEN##################
# ani_id	sprite1_id	time1	sprite2_id	time2	...
[ANIMATIONS]
## TURTLE RED
504001	151001	70	151002	70
504002	151003	70	151004	70
504003	151005	100
504004	151007	70	151008	70	151009	70	151010	70
## TURTLE GREEN
#walk left
504005	151011	70	151012	70
#walk right
504006	151013	70	151014	70
#sleep
504007	151015	100
#spin
504008	151017	70	151018	70	151019	70	151020	70
#fly left
504009	151021	70	151022	70
#fly right
504010	151023	70	151024	70